35 0.2759237187127533 0.7575155608528672 0.029797377830750874 0.0572109654350416
37 0.31644815256257447 0.7606939478214807 0.03456495828367103 0.05932989008078394
35 0.7443384982121573 0.7458614753012845 0.027413587604290798 0.059329890080784084
31 0.5309892729439809 0.7490398622698982 0.027413587604290798 0.05721096543504174
31 0.6162097735399285 0.7479803999470269 0.02622169249106072 0.05085419149781501
1 0.40703218116805717 0.7532777115613826 0.032181168057211024 0.0572109654350416
1 0.5750893921334922 0.7490398622698982 0.029797377830750874 0.05721096543504174
12 0.702622169249106 0.7469209376241557 0.029797377830750947 0.04449741756058799
16 0.48867699642431467 0.7500993245927691 0.03575685339690111 0.055092040789299544
18 0.6585220500595947 0.749039862269898 0.03218116805721109 0.05297311614355721
9 0.7860548271752086 0.7416236260098 0.03218116805721109 0.06356773937226876
26 0.3629320619785459 0.7585750231757383 0.03456495828367096 0.05085419149781501
22 0.4475566150178784 0.7500993245927691 0.03456495828367103 0.050854191497814866
78 0.26442238138619134 0.3668551732489449 0.037853377738398454 0.02156049994161208
79 0.2714050432990998 0.33712781726884344 0.03564832660800636 0.02482724235700779
80 0.2548671598211587 0.4001759458859817 0.04079344591225467 0.030707378704720227
42 0.28831043529877287 0.3047870673564253 0.033443275477614165 0.025480590840086918
56 0.8661683256052407 0.3868981912251215 0.027276322481371126 0.03301531231787713
58 0.8542712062250688 0.3549146074171778 0.029017364341884552 0.03095185529800963
58 0.843824955061991 0.32293102360923465 0.027856669768206707 0.03507876933774421
70 0.490720920807349 0.6532634568187283 0.04776014331184676 0.04851824082473307
46 0.5516394709500106 0.6549962511338974 0.03703847848673824 0.04851824082473307
48 0.6305899119349 0.6515306625035593 0.04093726569586856 0.051983829455071275
48 0.5911146914424553 0.6549962511338976 0.03996256889358605 0.051983829455071275
48 0.5496900773454455 0.11003243901323412 0.019493936045651736 0.02599191472753562
49 0.5825143832300054 0.3376915880755519 0.02191001811819504 0.03765277187719427
49 0.6445927678982244 0.34548181673979883 0.026292021741833836 0.03245928610102958
49 0.5259135030913352 0.11177495681238621 0.019719016306375393 0.022072314548700084
49 0.43936893152446516 0.3331472880214077 0.027752689616380267 0.031160914656988403
48 0.3918972256017095 0.4850567469742259 0.03943803261275086 0.051934857761647135
72 0.3897062237898899 0.11047658536834502 0.013146010870917024 0.022072314548700084
73 0.36743103870305843 0.11177495681238621 0.015337012682736385 0.022072314548700084
74 0.3440603527103171 0.10787984248026267 0.016797680557282747 0.027265800324864812
80 0.4353520948694627 0.11047658536834504 0.016797680557282816 0.024669057436782448
75 0.4813631329176721 0.10852902820228326 0.013876344808190168 0.023370685992741277
76 0.45835761389356733 0.11047658536834504 0.016067346620009672 0.024669057436782448
75 0.6131884085954779 0.43701700354470124 0.024831353867286708 0.046741371985482526
77 0.6146490764700246 0.3909248172812403 0.02044935024364868 0.04024951476527669
75 0.49633497863177134 0.2532974442128742 0.020449350243649852 0.04024951476527657
80 0.5160539949381474 0.3831345886169932 0.024831353867287617 0.03765277187719427
78 0.43608242880673587 0.29095021609006927 0.02994369142819984 0.029862543212947193
47 0.5788627135436396 0.4162430604400433 0.033595361114565424 0.03635440043315313
54 0.540885348805435 0.48830267558432894 0.027752689616380336 0.04024951476527661
54 0.4627396175172063 0.410400388941858 0.02483135386728769 0.040249514765276544
54 0.3761950459503363 0.3253570593571606 0.022640352055468115 0.031160914656988403
55 0.4890316392590403 0.21629385805770135 0.029213357490926625 0.028564171768905952
57 0.4766159623253966 0.45649257520531994 0.032134693240019205 0.041547886209317826
57 0.47479012748221366 0.30068800192037815 0.024101019930014404 0.02596742888082371
58 0.4068690713158093 0.239015358328422 0.02994369142819977 0.029862543212947158
59 0.6164749113132076 0.4999880185806995 0.037247030800931356 0.05323322920568849
59 0.4105207410021751 0.3208127593030165 0.027022355679107123 0.04544300054144134
61 0.4393689315244649 0.25654337282297757 0.026292021741834246 0.033757657545070666
61 0.4068690713158093 0.27926487309369863 0.027022355679107192 0.03765277187719434
50 0.3831332183544315 0.26693034437530744 0.026292021741833906 0.03895114332123537
50 0.4901271401649501 0.3695016884545608 0.02994369142819977 0.03895114332123541
61 0.4707732908272112 0.3350948451874695 0.027752689616380267 0.037652771877194235
62 0.5770368787004567 0.26238604432116325 0.031404359302746127 0.03245928610102951
62 0.5631605338922666 0.370800059898602 0.03578636292638507 0.038951143321235476
62 0.520801165530423 0.34288507385171657 0.03432569505183871 0.03245928610102958
63 0.4247622527790018 0.5285521903496054 0.027752689616380267 0.04803974342952358
81 0.44119476636764804 0.46947628964573185 0.022640352055468115 0.033757657545070784
63 0.39810506406853136 0.3617114597903137 0.02556168780456076 0.02856417176890602
63 0.4579924469249309 0.2396645440504426 0.021179684180921823 0.02596742888082364
63 0.6109974067836589 0.3448326310177783 0.02044935024364861 0.031160914656988437
65 0.5430763506172545 0.4000134173895286 0.01752801449455589 0.03245928610102958
65 0.5116719913145085 0.3045831162525017 0.02191001811819483 0.028564171768905987
82 0.5496493560527129 0.32146194502503705 0.029213357490926697 0.031160914656988368
82 0.5412505157740717 0.20460851506133068 0.03286502717729249 0.018177200216576567
64 0.5361381782131595 0.2318743153861955 0.021179684180921754 0.02596742888082364
81 0.6000423977245614 0.3052323019745223 0.024831353867287617 0.029862543212947193
64 0.6522612742395927 0.4013117888335697 0.031404359302746127 0.0376527718771942
68 0.5635257008609031 0.44935153226309343 0.029213357490926555 0.03245928610102951
68 0.4203802491553628 0.4032593459996315 0.030674025365472986 0.02856417176890609
43 0.3911668916644362 0.4272792177143934 0.03359536111456556 0.0376527718771942
44 0.5040034849731403 0.4305251463244963 0.03432569505183885 0.033757657545070714
44 0.5675425375159056 0.2266808296100308 0.01241567693364388 0.031160914656988295
44 0.5624301999549934 0.29484533042219285 0.02994369142819977 0.027265800324864812
46 0.5357730112445228 0.2649827872092457 0.03359536111456563 0.03505602898911185
51 0.4525149423953822 0.3727476170646638 0.03359536111456556 0.04284625765335903
