78 0.5634578441875191 0.7137545882524452 0.034061706687500644 0.06480355892202852
79 0.5231216125838999 0.7116298814025427 0.033464132885965656 0.06480355892202866
80 0.605288010294976 0.7148169416773965 0.03884229709978151 0.06905297262183367
72 0.14550922067379685 0.5842943837232087 0.04242773990899213 0.03612001644834386
73 0.13505167914693259 0.6336938179834438 0.0406350185043868 0.03930707672319762
74 0.11473416989473918 0.6899985495058621 0.045415608916667585 0.03930707672319769
74 0.16313764781908227 0.49346316588987366 0.041830166107457 0.03293295617349003
75 0.17986971426206508 0.4143178357310026 0.04183016610745702 0.0318706027485387
76 0.17269882864364391 0.45362491245420034 0.041830166107457 0.03824472329824637
50 0.1913058100843026 0.3790418764689831 0.037969092077800505 0.02884641373432146
49 0.19763399209726942 0.3478877496359159 0.038293614232311694 0.026538700635575622
48 0.20250182441493614 0.3158682303908192 0.03764456992328942 0.027115628910262153
53 0.2093167896596696 0.2867333525191546 0.036346481305244926 0.02653870063557566
71 0.21645627705891413 0.2584638670595197 0.03310125976013381 0.023077130987457152
52 0.2211618482993253 0.23279055883597363 0.03537291484171156 0.024807915811516423
42 0.4832283092321676 0.6970963732141751 0.03207498929454701 0.06969380389926244
70 0.7600323207754548 0.38145018363447347 0.03585058116865369 0.03760327624800994
48 0.7372672017333594 0.3021008973145193 0.03262402886347415 0.029317808600143273
47 0.7275875448178232 0.2734204323795975 0.036926098603713056 0.024219059278379296
46 0.7456920883079933 0.33524276790598667 0.03154851142841522 0.034416557921907474
54 0.5060579116195356 0.5381694745642739 0.02839507064722078 0.03935738605716466
63 0.5467254280549619 0.5022344699033844 0.02598870872796475 0.04106857675530236
43 0.6100127465313946 0.5005232792052468 0.027432525879518437 0.0479133395478528
48 0.6603057106438448 0.49153952804002443 0.04042688024350085 0.043635362802508834
63 0.6911071432103216 0.4487597605865845 0.031763977334179 0.03507940931182077
81 0.6422579962494248 0.43678142569962136 0.025507436344113545 0.024812265122995215
68 0.5816176758841738 0.4701496443133045 0.02069471250560163 0.04021298140623351
58 0.4252041511325341 0.5428752489841525 0.038983063091947004 0.047057744198784605
58 0.38958999472754546 0.5112182210686068 0.032245249718030354 0.04876893489692151
59 0.49691373632636276 0.4876893489692148 0.03609542878883985 0.035935004660889544
60 0.4170225206070638 0.4607380954735477 0.028395070647220706 0.050480125595059135
60 0.5075017287710891 0.4115413629020918 0.038020518324244676 0.030801432566476876
61 0.4408455036076981 0.5035178629269875 0.040426880243500773 0.043635362802508695
78 0.4641872142244813 0.4611658931480821 0.026469981111815956 0.04791333954785273
49 0.5079830011549403 0.44790416523751575 0.037057973556542334 0.03850179070809595
51 0.5481692452065156 0.42779767453439893 0.03850179070809595 0.04106857675530236
54 0.5873929444903883 0.4149637442983669 0.02261980204100631 0.02737905117020155
54 0.6360014552593592 0.3328265907877624 0.026469981111815814 0.029090241868339143
44 0.6230071008953776 0.399563028015129 0.02743252587951839 0.03764619535902769
44 0.5984622093189658 0.3674782024250487 0.027432525879518294 0.0350794093118207
50 0.5428752489841523 0.38801249080269984 0.03368906686958397 0.03336821861368314
57 0.47092502759839805 0.4081189815058167 0.026469981111815883 0.03935738605716473
65 0.39729035286916475 0.4333590443033465 0.027432525879518433 0.0385017907080949
65 0.4767002962046125 0.36405582102877354 0.02261980204100631 0.03165702791554551
55 0.4131723415362544 0.3845901094064251 0.038020518324244676 0.026523455821133485
55 0.36865464603001835 0.39400165824618144 0.025988708727964677 0.04021298140623351
82 0.35373520213063114 0.3272652210188152 0.02695125349566709 0.029945837217407956
64 0.3895899947275454 0.3336821861368312 0.025507436344113545 0.027379051170201583
46 0.4290543302033437 0.3400991512548472 0.027432525879518367 0.04363536280250859
44 0.46274339707292766 0.30886992101383604 0.02261980204100631 0.030801432566476807
44 0.3852585432728847 0.2968915861268729 0.030320160182625528 0.03080143256647677
62 0.4266479682840878 0.29175801403246004 0.03320779448573269 0.03422381396275195
62 0.5152020869127083 0.34951070009460394 0.028395070647220706 0.04021298140623358
62 0.5385437975294916 0.30886992101383604 0.029838887798774465 0.03422381396275195
65 0.5693452300959682 0.33197099543869363 0.02598870872796475 0.027379051170201514
68 0.6059219312686593 0.3135756954337145 0.01925089535404794 0.02994583721740799
80 0.5529819690450275 0.3567832605616887 0.03272652210188156 0.030801432566476664
81 0.4742939342853565 0.26994033263120576 0.02261980204100631 0.021389883726719957
63 0.5132769973773036 0.26181217681505214 0.025507436344113402 0.022245479075788808
49 0.5067798201953124 0.29133021635792566 0.03272652210188156 0.0265234558211327
49 0.5087049097307171 0.2344331256448506 0.034651611637286306 0.02395666977392633
64 0.5582759652673905 0.23357753029578185 0.023101074424857516 0.0308014325664767
77 0.5505756071257715 0.2635233675131897 0.030801432566476734 0.02395666977392633
75 0.5900399426015697 0.26865693960760256 0.030801432566476876 0.02737905117020148
47 0.577286224429513 0.2994583721740792 0.0216572572733039 0.03422381396275192
59 0.6319106399966241 0.2707959279802747 0.0365767011726912 0.028234646519270535
66 0.15544739550945824 0.5377185077347787 0.03842459036211066 0.03239461455499814
82 0.49244646807702225 0.3239309925140247 0.02646631245180757 0.03764097770923755
3 0.27271230483446957 0.8236130652028961 0.040158438462907176 0.04802786983846687
3 0.31761674057026573 0.8255601410071582 0.035047364476718953 0.044133718229942505
39 0.3592354858863696 0.8268581915433331 0.029206137063932474 0.04672981930229199
5 0.4045049983354649 0.8190698883262845 0.035047364476718953 0.04932592037464161
39 0.4523300477776543 0.8197189135943718 0.03139659734372742 0.04543176876611739
19 0.49504402323365554 0.8223150146667214 0.032126750770325785 0.055816173055515464
19 0.5388532288295543 0.8262091662752457 0.030666443917129128 0.050623970910816496
20 0.5819322809988549 0.8288052673475952 0.03504736447671902 0.055816173055515464
37 0.6279319468745485 0.8307523431518575 0.032126750770325715 0.05451812251934072
27 0.6706459223305496 0.8326994189561197 0.02993629049053055 0.05062397091081636
27 0.7155503580663459 0.8352955200284691 0.029206137063932543 0.04802786983846687
13 0.7586294102356465 0.8359445452965565 0.027745830210735817 0.062306425736389316
13 0.8020735391182459 0.8365935705646439 0.029936290490530693 0.053220071983165834
58 0.48364458471792376 0.08810132363774026 0.020043967288624957 0.020362125499555475
57 0.5067565061833789 0.08737410486989898 0.01963490673171421 0.021816563035238
56 0.5300729579272896 0.08737410486989898 0.020453027845535557 0.021816563035238
