32 0.39977194612366274 0.8569852985857126 0.03723890001407008 0.049891730775698105
36 0.4445665649811684 0.8579447549467818 0.032921346389250414 0.047972818053552545
17 0.4888214896355706 0.8584244831273173 0.03076256957684052 0.04509444897033944
14 0.534425649797729 0.8589042113078529 0.03993737102958242 0.04413499260926841
2 0.5794901157567849 0.8589042113078529 0.03508012320166031 0.046053905331410475
26 0.6245545817158407 0.8598636676689239 0.0334610405923528 0.04413499260926841
4 0.6704285889795503 0.8593839394883883 0.031302263779943044 0.04701336169248151
52 0.32654640202071616 0.6949970371645915 0.03104490441746236 0.0674555947836221
71 0.3667897966359453 0.6914198465321267 0.03219471569218328 0.06847764925004071
53 0.4067457384324942 0.6903977920657083 0.030469998780101974 0.06847764925004043
48 0.44785149150376397 0.6873316286664527 0.034494338241624976 0.06847764925004071
49 0.48780743330031284 0.6817103291011509 0.03621905515370621 0.06541148585078517
50 0.5283382807342221 0.6796662201683139 0.037943772065787446 0.06541148585078488
75 0.5677193168934107 0.6827323835675694 0.03736886642842691 0.07358792158213319
76 0.606812900233919 0.6771110840022675 0.03736886642842698 0.06847764925004057
74 0.6482061061238689 0.6786441657018953 0.03736886642842705 0.07154381264929612
66 0.6898867648324989 0.6801772474015231 0.03909358334050822 0.06847764925004071
72 0.7318548763598094 0.6766000567690582 0.034494338241625115 0.06949970371645918
73 0.7735355350684395 0.678133138468686 0.03276962132954381 0.06643354031720364
74 0.8175158163265113 0.687842655899662 0.0379437720657873 0.07358792158213319
63 0.4202947440193114 0.25187032633503137 0.01659198882142867 0.031182404388208802
49 0.4485011250157401 0.25945523551054167 0.02180661387959205 0.0379245458775512
49 0.38663670955298474 0.25524139707970256 0.02228067070306139 0.036239010505215566
81 0.4243242270188011 0.292323175271086 0.018962272938775657 0.029496869015873166
44 0.4650931138371688 0.3070716097790226 0.027495295761224624 0.03033963670204095
46 0.4854775572463525 0.34415338797040607 0.0312877503489797 0.04045284893605462
62 0.4411532442519646 0.34836722640124507 0.03839860270102058 0.04045284893605455
44 0.44707895454533186 0.39977605525748117 0.01516981835102051 0.04045284893605469
82 0.47575939236523007 0.4389647526642841 0.03365803446632668 0.04298115199455808
64 0.4850035004228832 0.39050561070963524 0.028443409408163377 0.033710707446712146
63 0.5786297230580878 0.3782854792602021 0.027021238937755286 0.03455347513288004
77 0.5437865465330876 0.41326033823616615 0.03318397764285727 0.032025172074376586
77 0.5345424384754344 0.3631156609091817 0.02796935258469411 0.04298115199455808
58 0.6400200816973738 0.3799710146325377 0.03128775034897991 0.03792454587755124
60 0.5966438823499246 0.3542666002044197 0.03555426176020426 0.033710707446712146
61 0.6298278599927819 0.32645526656088214 0.027969352584693893 0.04045284893605459
59 0.6167912973473737 0.2775747407631494 0.021806613879591836 0.03371070744671222
54 0.6497382465784963 0.270832599273807 0.024176897996938892 0.032025172074376586
50 0.6615896671652312 0.34078231722573477 0.025125011643877714 0.04550945505306153
57 0.5532676830024753 0.2986439329173446 0.027495295761224697 0.026968565957369784
65 0.5141579950662507 0.29232317527108603 0.024176897996939034 0.02612579827120193
82 0.4790777901295158 0.27631058923389773 0.029865579878571538 0.026125798271202
62 0.5049138870085976 0.257769700138206 0.03033963670204095 0.02949686901587324
62 0.46746339795451575 0.23080113418083628 0.03128775034897991 0.031182404388208802
65 0.4895070402458424 0.20551810359580208 0.017540102468367423 0.02106919215419513
80 0.5122617677723731 0.22110930578990648 0.020384443409183817 0.028654101329705348
77 0.42479828384227064 0.21436716430056407 0.019910386585714476 0.028654101329705382
64 0.39279944825808677 0.20256841669421477 0.025125011643877714 0.023597495212698584
60 0.5575341944136999 0.26661876084296793 0.022754727526530728 0.03202517207437655
51 0.5876368027040062 0.26577599315680017 0.023228784350000073 0.03202517207437662
51 0.569859671823904 0.22827283112233282 0.0227547275265308 0.03118240438820873
50 0.5373867794162507 0.23122251802392013 0.02322878435000014 0.03202517207437662
54 0.5575341944136999 0.19793319442029186 0.024650954820408303 0.021069192154195095
54 0.49448463689227096 0.15031682015181086 0.019910386585714406 0.02022642446802733
68 0.47338910824788305 0.16927909309058647 0.02228067070306139 0.024440262898866364
81 0.5710448138825776 0.15790172932732113 0.018488216115306315 0.021911959840362965
57 0.5461568306504345 0.16759355771825088 0.02465095482040823 0.024440262898866364
47 0.5196096485361487 0.18444891144160697 0.03033963670204095 0.016012586037188258
47 0.4605895740142095 0.19329797214636893 0.03176180717244918 0.02696856595736975
75 0.4339990218862269 0.1799309009968264 0.021332557056122498 0.026125798271201966
59 0.43613227759183915 0.1453774258639464 0.026547182114285875 0.027811333643537585
48 0.6075038192760238 0.1504340319809532 0.025125011643877572 0.0362390105052156
43 0.6148517000397993 0.18625165864308493 0.029391523055102196 0.026968565957369784
68 0.5958894271010237 0.20647808311111226 0.023702841173469408 0.021911959840362948
63 0.6219625523918402 0.23639633597006926 0.02465095482040823 0.02781133364353753
78 0.5966005123362278 0.30718882160816496 0.03081369352551036 0.031182404388208837
47 0.4451393572377576 0.07458494022585076 0.017066045644898012 0.022754727526530738
48 0.46955328364643123 0.07416355638276684 0.019436329762244995 0.02359749521269854
46 0.4932561248199007 0.07289940485351513 0.018488216115306245 0.02106919215419512
57 0.19921320520565938 0.21916229310393015 0.036329224912584494 0.022325778821451047
57 0.1897945172653597 0.24786686587436735 0.0318441354172036 0.02551517579594403
58 0.17970306590075288 0.27736878788842767 0.03588071596304634 0.030299271257683565
80 0.7351061682929116 0.2097028510729152 0.03498369806397008 0.02232577882145101
79 0.7472159099304397 0.26432127426110796 0.035880715963046296 0.024717826552320795
78 0.7418338025359829 0.23761007459972902 0.03677773386212237 0.022325778821451047
42 0.7449139032253845 0.2953074097646436 0.03676391792324779 0.029344442423998203
63 0.5789819369844212 0.12349521516427579 0.01824955774938175 0.027210810120942116
