23 0.21394517282479142 0.8549860945570122 0.044100119189511344 0.05721096543504189
23 0.41179976162097737 0.8507482452655277 0.03694874851013111 0.0572109654350416
27 0.265792610250298 0.8560455568798835 0.04767580452920143 0.050854191497814866
39 0.7514898688915375 0.8422725466825586 0.03694874851013111 0.05297311614355706
22 0.6567342073897496 0.8443914713283008 0.03575685339690129 0.057210965435041956
31 0.31406436233611446 0.860283406171368 0.04410011918951131 0.06356773937226848
36 0.702622169249106 0.8465103959740432 0.029797377830750947 0.06144881472652628
38 0.5578069129916567 0.8507482452655278 0.03575685339690111 0.06568666401801082
38 0.6072705601907031 0.8496887829426566 0.03456495828367103 0.06356773937226848
8 0.796781883194279 0.8454509336511719 0.03933253873659165 0.059329890080783924
8 0.3629320619785459 0.8539266322341412 0.04171632896305127 0.059329890080784084
9 0.4624553039332539 0.8528671699112701 0.04529201430274142 0.06568666401801082
14 0.5107270560190703 0.8486293206197854 0.044100119189511344 0.061448814726526135
14 0.4755661501787843 0.7405641636869289 0.03575685339690111 0.0572109654350416
15 0.5208581644815257 0.7373857767183154 0.03337306317044103 0.055092040789299544
58 0.5679380214541121 0.7395047013640579 0.03933253873659112 0.0678055886637533
59 0.37486414792681555 0.36885857243031367 0.040682930782755235 0.02686364953273987
59 0.5297498772640192 0.19269502453292298 0.028478051547928585 0.021697563084136142
58 0.6090815922903918 0.18339606892543603 0.02208501956778143 0.02376399766357764
57 0.41641885579777266 0.24383928037410085 0.024990943195121032 0.02893008411218144
54 0.3870690271616421 0.2980831880844411 0.02673449737152488 0.025830432243019175
54 0.5198697369310643 0.16479815771046227 0.02266620429324938 0.025830432243019192
54 0.4501275698749126 0.23454032476661396 0.024990943195121032 0.026863649532739908
68 0.4143847092586349 0.3197807511685772 0.022085019567781358 0.025830432243019105
68 0.4614606720215373 0.20509363200957215 0.022085019567781358 0.01756469392525304
63 0.5117331507745133 0.3750578761686382 0.029640420998864415 0.03512938785050608
63 0.6148934395450711 0.2273078037385686 0.023247389018717257 0.024797214953298372
63 0.36876170830940225 0.21232615303761748 0.02615331264605693 0.02583043224301914
63 0.49081050065766774 0.18701232943945872 0.021503834842313482 0.026863649532739942
64 0.45564882476685803 0.41535335046774813 0.02092265011684546 0.028930084112181474
64 0.6375596438383204 0.3001496226638827 0.02557212792058884 0.029963301401902207
81 0.5588091135374157 0.36782535514059284 0.02150383484231341 0.033062953271064545
81 0.40595753073934987 0.2205918913553836 0.019179095940441683 0.02583043224301914
65 0.45739237894326173 0.3022160572433242 0.022085019567781358 0.023763997663577677
65 0.548347788478993 0.2774188422900258 0.016854357038569957 0.025830432243019175
82 0.6776613898956078 0.30893196962650915 0.030221605724332364 0.035129387850506004
62 0.6082098152021899 0.3471610093461775 0.03196515990073621 0.039262257009389144
62 0.5128955202254492 0.28775101518723345 0.028478051547928516 0.036162605140226844
62 0.4870327999421262 0.3239136203274603 0.034871083528075886 0.03409617056078531
49 0.5178355903919267 0.41741978504718963 0.04417003913556279 0.028930084112181474
49 0.5213226987447342 0.34457796612187563 0.038358191880883435 0.025830432243019105
49 0.5187073674801285 0.2123261530376175 0.03080279044980031 0.02376399766357764
48 0.40101746057287246 0.18856215537403984 0.03370871407713999 0.027896866822460672
44 0.6517986696122833 0.33731476987675235 0.040101746057287266 0.021758913518290998
44 0.5652021455175631 0.3264966635517622 0.02150383484231341 0.035129387850506115
44 0.4344355822872785 0.26966971261712 0.022666204293249236 0.03099651869162301
46 0.5992014519574369 0.3016994485984638 0.03138397517526826 0.037195822429947505
50 0.5800223560169953 0.16583137500018302 0.03138397517526826 0.02583043224301914
50 0.48645161521665825 0.25365484462644816 0.03603345297901178 0.027896866822460745
51 0.48470806104025455 0.22524136915912707 0.03370871407713999 0.02893008411218144
82 0.5352711321559646 0.30996518691622993 0.02557212792058891 0.035129387850506004
57 0.5535784510082045 0.2397064112152178 0.023828573744185063 0.035129387850506115
60 0.5928084199772897 0.21284276168247784 0.02557212792058891 0.030996518691622975
60 0.5213226987447342 0.2397064112152178 0.03603345297901178 0.026863649532739977
61 0.5683986615076365 0.1875289380843191 0.03370871407714006 0.02789686682246071
78 0.5535784510082045 0.21025971845817598 0.02615331264605693 0.025830432243019175
43 0.4405380219046918 0.18546250350487756 0.02557212792058891 0.032029735981343774
78 0.4867422075793924 0.10538816355151819 0.01685435703857003 0.026863649532739908
79 0.5105707813235775 0.1074545981309597 0.016854357038569957 0.02479721495329839
80 0.46233244910973925 0.10538816355151819 0.016854357038569957 0.022730780373856837
75 0.42339307250338776 0.3657589205611513 0.035452268253543695 0.03512938785050608
77 0.46901607345262036 0.3729914415891966 0.03603345297901178 0.033062953271064476
77 0.60675685338852 0.2619205829442143 0.03719582242994754 0.023763997663577605
80 0.4771526596091715 0.2810351028040485 0.03370871407713999 0.02066434579441534
47 0.44489690734570125 0.3337291845798076 0.028478051547928658 0.035129387850506004
46 0.2737380056953955 0.30169944859846376 0.03370871407713999 0.024797214953298407
47 0.2624049035487709 0.3642090946265702 0.0354522682535438 0.02376399766357764
48 0.26937912025438604 0.33217935864522646 0.035452268253543834 0.02583043224301921
55 0.6462774147203393 0.2552046705610293 0.01627317231310215 0.03926225700938918
74 0.750890665304567 0.11933659696274851 0.03138397517526826 0.015498259345811487
74 0.7802404939406975 0.19734450233666634 0.026153312646057005 0.024797214953298372
75 0.8017443287830109 0.24693893224326316 0.02731568209699276 0.024797214953298372
73 0.7558307354710443 0.1384511168225827 0.026153312646057147 0.018597911214973825
72 0.7630955445393937 0.15704902803755652 0.025572127920589053 0.01653147663553229
48 0.8366154123110868 0.32856309813120377 0.03196515990073607 0.030996518691623044
50 0.8235387559880583 0.3001496226638827 0.03254634462620436 0.023763997663577605
50 0.8113338767532318 0.2717361471965616 0.029059236273396464 0.024797214953298372
52 0.877298343093842 0.4287851752341181 0.03661463770447966 0.03512938785050608
71 0.861315763143474 0.39417239602847237 0.03603345297901186 0.032029735981343774
70 0.850563845722317 0.3621426600471285 0.03893937660635146 0.0299633014019023
70 0.2840567666408676 0.2625581063637005 0.03910926497229337 0.031104444656326856
76 0.7887887423039005 0.22108877424933546 0.028900794383280016 0.01992254306693212
